0 1000 550 9.990000000000000e+02
1 950 600 1.451547000000000e+03
2 920 500 1.805551641000000e+03
3 1050 1500 2.230548295923000e+03
4 1080 750 1.787689940810769e+03
5 900 400 2.122723010633200e+03
6 880 800 2.628591179665100e+03
7 1300 1200 2.716396953204095e+03
8 950 730 2.824446144063707e+03
9 900 990 3.052699482495898e+03
10 1100 1000 2.971947580943385e+03
11 860 400 3.080763423686215e+03
12 1200 700 3.549545713957273e+03
13 1000 850 4.059694351099145e+03
14 990 950 4.221723434152442e+03
15 900 1000 4.274348604454899e+03
16 930 600 4.187271650268263e+03
17 1000 550 4.529503465219067e+03
18 950 600 4.992641975614724e+03
19 920 500 5.357269901541567e+03
20 1050 1500 5.792921711246191e+03
21 1080 750 5.360750476379930e+03
22 900 400 5.706502727809069e+03
23 880 800 6.223122235992496e+03
